64      40      0       16      32256   512     63      0       0       0
16984   18500   12336   12337   12576   8224    8224    8224    8224    8224
3       512     4       0       0       0       0       18277   28261   29289
25376   12594   13108   8224    8224    8224    8224    8224    8224    8224
8224    8224    8224    8224    8224    8224    8224    16      1       768
0       512     512     7       40      16      63      40320   0       0
40320   0       0       7       0       120     120     120     120     0
0       0       0       0       0       0       0       0       0       0
126     0       16384   29696   16384   16384   29696   16384   63      0
0       0       0       24577   0       0       0       0       0       0
40320   0       0       0       0       0       0       0       0       0
0       0       0       0       0       0       0       0       0       0
0       0       0       0       0       0       0       0       0       0
0       0       0       0       0       0       0       0       0       0
0       0       0       0       0       0       0       0       0       0
0       0       0       0       0       0       0       0       0       0
0       0       0       0       0       0       0       0       0       0
0       0       0       0       0       0       0       0       0       0
0       0       0       0       0       0       0       0       0       0
0       0       0       0       0       0       0       0       0       0
0       0       0       0       0       0       0       0       0       0
0       0       0       0       0       0       0       0       0       0
0       0       0       0       0       0       0       0       0       0
0       0       0       0       0       0       0       0       0       0
0       0       0       0       0       0       0       0       0       0
